>> a =[-1.2, 3.1, 4.7, 1.9]

a =

   -1.2000    3.1000    4.7000    1.9000

>> a =[-1.2, 3.1, 4.7, 1.9]

a =

   -1.2000    3.1000    4.7000    1.9000

>> a =[-1.2, 3.1, 4.7, 1.9]

a =

   -1.2000    3.1000    4.7000    1.9000

>> a =[-1.2; 3.1; 4.7; 1.9]

a =

   -1.2000
    3.1000
    4.7000
    1.9000

>> a(1)

ans =

   -1.2000

>> length(a)

ans =

     4

>> n=length(a)

n =

     4

>> m=length(a);
>> n+m

ans =

     8

>> a*n

ans =

   -4.8000
   12.4000
   18.8000
    7.6000

>> b=1:10

b =

  Columns 1 through 9

     1     2     3     4     5     6     7     8     9

  Column 10

    10

>> c=10:-1:1

c =

  Columns 1 through 9

    10     9     8     7     6     5     4     3     2

  Column 10

     1

>> d=2:0.2:3

d =

  Columns 1 through 5

    2.0000    2.2000    2.4000    2.6000    2.8000

  Column 6

    3.0000

>> f=linspace(1,2)

f =

  Columns 1 through 5

    1.0000    1.0101    1.0202    1.0303    1.0404

  Columns 6 through 10

    1.0505    1.0606    1.0707    1.0808    1.0909

  Columns 11 through 15

    1.1010    1.1111    1.1212    1.1313    1.1414

  Columns 16 through 20

    1.1515    1.1616    1.1717    1.1818    1.1919

  Columns 21 through 25

    1.2020    1.2121    1.2222    1.2323    1.2424

  Columns 26 through 30

    1.2525    1.2626    1.2727    1.2828    1.2929

  Columns 31 through 35

    1.3030    1.3131    1.3232    1.3333    1.3434

  Columns 36 through 40

    1.3535    1.3636    1.3737    1.3838    1.3939

  Columns 41 through 45

    1.4040    1.4141    1.4242    1.4343    1.4444

  Columns 46 through 50

    1.4545    1.4646    1.4747    1.4848    1.4949

  Columns 51 through 55

    1.5051    1.5152    1.5253    1.5354    1.5455

  Columns 56 through 60

    1.5556    1.5657    1.5758    1.5859    1.5960

  Columns 61 through 65

    1.6061    1.6162    1.6263    1.6364    1.6465

  Columns 66 through 70

    1.6566    1.6667    1.6768    1.6869    1.6970

  Columns 71 through 75

    1.7071    1.7172    1.7273    1.7374    1.7475

  Columns 76 through 80

    1.7576    1.7677    1.7778    1.7879    1.7980

  Columns 81 through 85

    1.8081    1.8182    1.8283    1.8384    1.8485

  Columns 86 through 90

    1.8586    1.8687    1.8788    1.8889    1.8990

  Columns 91 through 95

    1.9091    1.9192    1.9293    1.9394    1.9495

  Columns 96 through 100

    1.9596    1.9697    1.9798    1.9899    2.0000

>> e=linspace(1,2,6)

e =

  Columns 1 through 5

    1.0000    1.2000    1.4000    1.6000    1.8000

  Column 6

    2.0000

>> m=[-1;3;5;66]

m =

    -1
     3
     5
    66

>> m=m'

m =

    -1     3     5    66

>> m=m''

m =

    -1     3     5    66

>> m=m'

m =

    -1
     3
     5
    66

>> m(2)

ans =

     3

>> size(m)

ans =

     4     1

>> size(m')

ans =

     1     4

>> m

m =

    -1
     3
     5
    66

>> [b c]

ans =

  Columns 1 through 9

     1     2     3     4     5     6     7     8     9

  Columns 10 through 18

    10    10     9     8     7     6     5     4     3

  Columns 19 through 20

     2     1

>> [-1 0 b]

ans =

  Columns 1 through 9

    -1     0     1     2     3     4     5     6     7

  Columns 10 through 12

     8     9    10

>> b

b =

  Columns 1 through 9

     1     2     3     4     5     6     7     8     9

  Column 10

    10

>> b(2:4)

ans =

     2     3     4

>> b([1 3 7])

ans =

     1     3     7

>> a=0:30

a =

  Columns 1 through 9

     0     1     2     3     4     5     6     7     8

  Columns 10 through 18

     9    10    11    12    13    14    15    16    17

  Columns 19 through 27

    18    19    20    21    22    23    24    25    26

  Columns 28 through 31

    27    28    29    30

>> a=0:1:30

a =

  Columns 1 through 9

     0     1     2     3     4     5     6     7     8

  Columns 10 through 18

     9    10    11    12    13    14    15    16    17

  Columns 19 through 27

    18    19    20    21    22    23    24    25    26

  Columns 28 through 31

    27    28    29    30

>> 
>> b=2:2:100

b =

  Columns 1 through 9

     2     4     6     8    10    12    14    16    18

  Columns 10 through 18

    20    22    24    26    28    30    32    34    36

  Columns 19 through 27

    38    40    42    44    46    48    50    52    54

  Columns 28 through 36

    56    58    60    62    64    66    68    70    72

  Columns 37 through 45

    74    76    78    80    82    84    86    88    90

  Columns 46 through 50

    92    94    96    98   100

>> c=2:-0.1:0

c =

  Columns 1 through 5

    2.0000    1.9000    1.8000    1.7000    1.6000

  Columns 6 through 10

    1.5000    1.4000    1.3000    1.2000    1.1000

  Columns 11 through 15

    1.0000    0.9000    0.8000    0.7000    0.6000

  Columns 16 through 20

    0.5000    0.4000    0.3000    0.2000    0.1000

  Column 21

         0

>> d=0:3:30 -100 30:-3:0
 d=0:3:30 -100 30:-3:0
               ↑
Invalid expression. Check for missing multiplication
operator, missing or unbalanced delimiters, or other
syntax error. To construct matrices, use brackets
instead of parentheses.
 
>> d=[0:3:30 -100 30:-3:0]

d =

  Columns 1 through 9

     0     3     6     9    12    15    18    21    24

  Columns 10 through 18

    27    30  -100    30    27    24    21    18    15

  Columns 19 through 23

    12     9     6     3     0

>> a=2:20

a =

  Columns 1 through 9

     2     3     4     5     6     7     8     9    10

  Columns 10 through 18

    11    12    13    14    15    16    17    18    19

  Column 19

    20

>> e=1./a

e =

  Columns 1 through 5

    0.5000    0.3333    0.2500    0.2000    0.1667

  Columns 6 through 10

    0.1429    0.1250    0.1111    0.1000    0.0909

  Columns 11 through 15

    0.0833    0.0769    0.0714    0.0667    0.0625

  Columns 16 through 19

    0.0588    0.0556    0.0526    0.0500

>> format rat
>> e

e =

  Columns 1 through 4

       1/2            1/3            1/4            1/5     

  Columns 5 through 8

       1/6            1/7            1/8            1/9     

  Columns 9 through 12

       1/10           1/11           1/12           1/13    

  Columns 13 through 16

       1/14           1/15           1/16           1/17    

  Columns 17 through 19

       1/18           1/19           1/20    

>> f=[1:19]./[2:20]

f =

  Columns 1 through 4

       1/2            2/3            3/4            4/5     

  Columns 5 through 8

       5/6            6/7            7/8            8/9     

  Columns 9 through 12

       9/10          10/11          11/12          12/13    

  Columns 13 through 16

      13/14          14/15          15/16          16/17    

  Columns 17 through 19

      17/18          18/19          19/20    

>> x=linspace(1,100)

x =

  Columns 1 through 4

       1              2              3              4       

  Columns 5 through 8

       5              6              7              8       

  Columns 9 through 12

       9             10             11             12       

  Columns 13 through 16

      13             14             15             16       

  Columns 17 through 20

      17             18             19             20       

  Columns 21 through 24

      21             22             23             24       

  Columns 25 through 28

      25             26             27             28       

  Columns 29 through 32

      29             30             31             32       

  Columns 33 through 36

      33             34             35             36       

  Columns 37 through 40

      37             38             39             40       

  Columns 41 through 44

      41             42             43             44       

  Columns 45 through 48

      45             46             47             48       

  Columns 49 through 52

      49             50             51             52       

  Columns 53 through 56

      53             54             55             56       

